image: mymap.pgm
resolution: 0.050000
origin: [-3.000000, -2.00000, 0.000000]
negate: 0
occupied_thresh: 0.8
free_thresh: 0.25

